0.000000000000000000e+00 2.421599433314427282e-03
3.817200000000000000e+04 2.421609496541850953e-03
7.634400000000000000e+04 2.421639687478750313e-03
1.145160000000000000e+05 2.421690009889474870e-03
1.526880000000000000e+05 2.421760470049483943e-03
1.908590000000000000e+05 2.421851074110013304e-03
2.290310000000000000e+05 2.421961838123717382e-03
2.672030000000000000e+05 2.422092773807249001e-03
3.053750000000000000e+05 2.422243897512999823e-03
3.435470000000000000e+05 2.422415228125425913e-03
3.817190000000000000e+05 2.422606787068055153e-03
4.198910000000000000e+05 2.422818598311447889e-03
4.580620000000000000e+05 2.423050682036034364e-03
4.962340000000000000e+05 2.423303079493897925e-03
5.344060000000000000e+05 2.423575816539523791e-03
5.725780000000000000e+05 2.423868927430364306e-03
6.107500000000000000e+05 2.424182449025189846e-03
6.489220000000000000e+05 2.424516420797902857e-03
6.870940000000000000e+05 2.424870884852355860e-03
7.252660000000000000e+05 2.425245885938189915e-03
7.634380000000000000e+05 2.425641471467701767e-03
8.016090000000000000e+05 2.426057680359036163e-03
8.397810000000000000e+05 2.426494587211371068e-03
8.779530000000000000e+05 2.426952236903139916e-03
9.161250000000000000e+05 2.427430687686950739e-03
9.542970000000000000e+05 2.427930000578346851e-03
9.924690000000000000e+05 2.428450239379153618e-03
1.030641000000000000e+06 2.428991470701967557e-03
1.068812000000000000e+06 2.429553748988533182e-03
1.106984000000000000e+06 2.430137176011012805e-03
1.145156000000000000e+06 2.430741812518277638e-03
1.183328000000000000e+06 2.431367736634272927e-03
1.221500000000000000e+06 2.432015029433934068e-03
1.221500000000000000e+06 2.432015029433934068e-03
1.292078000000000000e+06 2.433586432034757531e-03
1.362656000000000000e+06 2.436436976758859282e-03
1.433234000000000000e+06 2.439965921280035002e-03
1.503812000000000000e+06 2.443822231459264523e-03
1.574391000000000000e+06 2.447803379666376594e-03
1.644969000000000000e+06 2.451795551155197973e-03
1.715547000000000000e+06 2.455738493189205465e-03
1.786125000000000000e+06 2.459603916958519841e-03
1.856703000000000000e+06 2.463382577348940429e-03
1.927281000000000000e+06 2.467076339866891913e-03
1.997859000000000000e+06 2.470693331726197227e-03
2.068438000000000000e+06 2.474245032342980207e-03
2.139016000000000000e+06 2.477744275128554961e-03
2.209594000000000000e+06 2.481204481744603285e-03
2.280172000000000000e+06 2.484638843288148463e-03
2.350750000000000000e+06 2.488060029334787909e-03
2.421328000000000000e+06 2.491480020850242449e-03
2.491906000000000000e+06 2.494910054155665552e-03
2.562484000000000000e+06 2.498360628443310662e-03
2.633062000000000000e+06 2.501841540080388705e-03
2.703641000000000000e+06 2.505361986177289790e-03
2.774219000000000000e+06 2.508930437659823674e-03
2.844797000000000000e+06 2.512555009671932609e-03
2.915375000000000000e+06 2.516243326050589778e-03
2.985953000000000000e+06 2.520002635250697450e-03
3.056531000000000000e+06 2.523839873884891043e-03
3.127109000000000000e+06 2.527761721757717725e-03
3.197688000000000000e+06 2.531774712323558302e-03
3.268266000000000000e+06 2.535885056194781776e-03
3.338844000000000000e+06 2.540099026635234038e-03
3.409422000000000000e+06 2.544422771163542055e-03
3.480000000000000000e+06 2.548862406777666068e-03
3.480000000000000000e+06 2.548862406777666068e-03
3.517500000000000000e+06 2.551637634363957460e-03
3.555000000000000000e+06 2.555156284041881862e-03
3.592500000000000000e+06 2.559367151754826045e-03
3.630000000000000000e+06 2.564221978422603129e-03
3.630000000000000000e+06 2.564221978422603129e-03
3.666482000000000000e+06 2.569519945029306689e-03
3.702963000000000000e+06 2.575344734669366385e-03
3.739444000000000000e+06 2.581659300687895627e-03
3.775926000000000000e+06 2.588428790067295263e-03
3.812407000000000000e+06 2.595619814361337010e-03
3.848889000000000000e+06 2.603201668195143179e-03
3.885370000000000000e+06 2.611144654444722078e-03
3.921852000000000000e+06 2.619421643713732307e-03
3.958333000000000000e+06 2.628006244263341763e-03
3.994815000000000000e+06 2.636874524510670129e-03
4.031296000000000000e+06 2.646003050526037851e-03
4.067778000000000000e+06 2.655370746721126985e-03
4.104259000000000000e+06 2.664956822800424591e-03
4.140741000000000000e+06 2.674742753660246108e-03
4.177222000000000000e+06 2.684710112945979700e-03
4.213704000000000000e+06 2.694842652612719318e-03
4.250185000000000000e+06 2.705124059586436636e-03
4.286667000000000000e+06 2.715540117968494576e-03
4.323148000000000000e+06 2.726076402901464815e-03
4.359630000000000000e+06 2.736720511853469109e-03
4.396111000000000000e+06 2.747459708490979698e-03
4.432593000000000000e+06 2.758283209127327263e-03
4.469074000000000000e+06 2.769179786951290675e-03
4.505556000000000000e+06 2.780140102351385135e-03
4.542037000000000000e+06 2.791154276490748817e-03
4.578518000000000000e+06 2.802213954079410107e-03
4.615000000000000000e+06 2.813311373773834563e-03
4.651482000000000000e+06 2.824438722639073442e-03
4.687963000000000000e+06 2.835588709262853741e-03
4.724444000000000000e+06 2.846755148894090058e-03
4.760926000000000000e+06 2.857932327029196352e-03
4.797407000000000000e+06 2.869114052608735376e-03
4.833889000000000000e+06 2.880295778010059753e-03
4.870370000000000000e+06 2.891472124886705977e-03
4.906852000000000000e+06 2.902639313665152272e-03
4.943333000000000000e+06 2.913792691340711359e-03
4.979815000000000000e+06 2.924929160330570592e-03
5.016296000000000000e+06 2.936044715378645711e-03
5.052778000000000000e+06 2.947136866781501982e-03
5.089259000000000000e+06 2.958202187002308223e-03
5.125741000000000000e+06 2.969238727116443790e-03
5.162222000000000000e+06 2.980243575588440667e-03
5.198704000000000000e+06 2.991215263802637914e-03
5.235185000000000000e+06 3.002151339627007285e-03
5.271667000000000000e+06 3.013050760810428302e-03
5.308148000000000000e+06 3.023911484958033587e-03
5.344630000000000000e+06 3.034732848023745898e-03
5.381111000000000000e+06 3.045513172528994689e-03
5.417593000000000000e+06 3.056252130669513158e-03
5.454074000000000000e+06 3.066948370748456571e-03
5.490556000000000000e+06 3.077601862413876111e-03
5.527037000000000000e+06 3.088211543051909425e-03
5.563518000000000000e+06 3.098777357725286934e-03
5.600000000000000000e+06 3.109299369976374020e-03
5.600000000000000000e+06 3.109299369976374020e-03
5.633667000000000000e+06 3.118970267868692928e-03
5.667333000000000000e+06 3.128603236460342392e-03
5.701000000000000000e+06 3.138198920199613152e-03
5.701000000000000000e+06 3.138198920199613152e-03
5.771000000000000000e+06 3.158153825666573655e-03
5.771000000000000000e+06 3.158153825666573655e-03
5.804333000000000000e+06 3.167684626406929837e-03
5.837667000000000000e+06 3.177232905622184769e-03
5.871000000000000000e+06 3.186799726434012478e-03
5.904333000000000000e+06 3.196387010204187508e-03
5.937667000000000000e+06 3.205996679992739219e-03
5.971000000000000000e+06 3.215629793780297365e-03
5.971000000000000000e+06 3.215629793780297365e-03
5.993500000000000000e+06 3.222152431469200475e-03
6.016000000000000000e+06 3.228698563499031188e-03
6.038500000000000000e+06 3.235267431597221941e-03
6.061000000000000000e+06 3.241858303959094245e-03
6.083500000000000000e+06 3.248470474696753523e-03
6.106000000000000000e+06 3.255103262948006761e-03
6.128500000000000000e+06 3.261756012019641996e-03
6.151000000000000000e+06 3.268428089074358438e-03
6.151000000000000000e+06 3.268428089074358438e-03
6.179000000000000000e+06 3.276760750734699756e-03
6.207000000000000000e+06 3.285127322615815672e-03
6.235000000000000000e+06 3.293524443023116820e-03
6.263000000000000000e+06 3.301948849209570581e-03
6.291000000000000000e+06 3.310397374925016893e-03
6.291000000000000000e+06 3.310397374925016893e-03
6.318800000000000000e+06 3.318806387141366374e-03
6.346600000000000000e+06 3.327233230471883518e-03
6.346600000000000000e+06 3.327233230471883518e-03
6.347000000000000000e+06 3.327354604946463831e-03
6.348000000000000000e+06 3.327658102092051224e-03
6.349000000000000000e+06 3.327961686210348467e-03
6.350000000000000000e+06 3.328265357139109041e-03
6.351000000000000000e+06 3.328569114716234748e-03
6.352000000000000000e+06 3.328872958779771803e-03
6.353000000000000000e+06 3.329176889167912573e-03
6.354000000000000000e+06 3.329480905718994709e-03
6.355000000000000000e+06 3.329785008271502009e-03
6.356000000000000000e+06 3.330089196664063125e-03
6.356000000000000000e+06 3.330089196664063125e-03
6.357000000000000000e+06 3.330393491906122674e-03
6.358000000000000000e+06 3.330697914998321987e-03
6.359000000000000000e+06 3.331002465757960853e-03
6.360000000000000000e+06 3.331307144002484347e-03
6.361000000000000000e+06 3.331611949549482827e-03
6.362000000000000000e+06 3.331916882216692799e-03
6.363000000000000000e+06 3.332221941821994320e-03
6.364000000000000000e+06 3.332527128183415330e-03
6.365000000000000000e+06 3.332832441119126018e-03
6.366000000000000000e+06 3.333137880447443590e-03
6.367000000000000000e+06 3.333443445986828367e-03
6.368000000000000000e+06 3.333749137555887254e-03
6.368000000000000000e+06 3.333749137555887254e-03
6.369000000000000000e+06 3.334054954973369837e-03
6.370000000000000000e+06 3.334360898058171853e-03
6.371000000000000000e+06 3.334666966629331718e-03
