+191.0 -44.0
+193.0 -43.0
+194.0 -44.0
+195.0 -44.0
+196.0 -44.0
+197.0 -44.0
+198.0 -44.0
+200.0 -42.0
+201.0 -42.0
+202.0 -42.0
+203.0 -42.0
+204.0 -42.0
+205.0 -42.0
+207.0 -42.0
+208.0 -41.0
+209.0 -39.0
+210.0 -37.0
+211.0 -37.0
+212.0 -37.0
+214.0 -35.0
+215.0 -35.0
+216.0 -35.0
+217.0 -35.0
+218.0 -35.0
+219.0 -32.0
+219.0 -31.0
+221.0 -30.0
+222.0 -32.0
+223.0 -32.0
+224.0 -30.0
+224.0 -29.0
+225.0 -27.0
+226.0 -27.0
+227.0 -27.0
+230.0 -26.0
+231.0 -26.0
+233.0 -26.0
+233.0 -27.0
+234.0 -27.0
+236.0 -29.0
+236.0 -30.0
+237.0 -30.0
+238.0 -28.0
+239.0 -28.0
+240.0 -29.0
+241.0 -29.0
+243.0 -27.0
+244.0 -28.0
+245.0 -28.0
+246.0 -28.0
+247.0 -28.0
+249.0 -26.0
+250.0 -27.0
+252.0 -28.0
+252.0 -29.0
+253.0 -29.0
+254.0 -29.0
+257.0 -30.0
+258.0 -31.0
+258.0 -32.0
+261.0 -33.0
+261.0 -34.0
+262.0 -34.0
+263.0 -34.0
+264.0 -34.0
+265.0 -34.0
+266.0 -34.0
+267.0 -34.0
+268.0 -32.0
+269.0 -30.0
+270.0 -30.0
+271.0 -28.0
+272.0 -26.0
+273.0 -24.0
+273.0 -23.0
+272.0 -21.0
+271.0 -19.0
+270.0 -17.0
+271.0 -15.0
+270.0 -13.0
+269.0 -12.0
+268.0 -10.0
+267.0  -9.0
+266.0  -9.0
+264.0  -7.0
+263.0  -5.0
+262.0  -3.0
+261.0  -2.0
+260.0  -1.0
+259.0  +1.0
+258.0  +2.0
+257.0  +4.0
+256.0  +4.0
+254.0  +4.0
+253.0  +4.0
+252.0  +2.0
+251.0  +0.0
+250.0  -1.0
+249.0  -3.0
+248.0  -5.0
+249.0  -7.0
+248.0  -8.0
+247.0 -10.0
+246.0 -10.0
+245.0 -10.0
+243.0  -9.0
+241.0  -9.0
+240.0  -8.0
+239.0  -7.0
+237.0  -7.0
+236.0  -8.0
+234.0  -9.0
+233.0  -9.0
+231.0  -8.0
+230.0  -7.0
+229.0  -8.0
+227.0  -9.0
+225.0  -9.0
+224.0  -8.0
+223.0  -6.0
+224.0  -5.0
+224.0  -4.0
+224.0  -1.0
+223.0  +0.0
+223.0  +1.0
+222.0  +3.0
+221.0  +5.0
+222.0  +6.0
+222.0  +7.0
+221.0  +8.0
+220.0 +10.0
+219.0 +11.0
+217.0 +10.0
+216.0 +12.0
+214.0 +12.0
+212.0 +11.0
+211.0 +11.0
+209.0 +12.0
+208.0 +12.0
+206.0 +13.0
+206.0 +14.0
+205.0 +15.0
+204.0 +16.0
+201.0 +17.0
+200.0 +17.0
+198.0 +18.0
+197.0 +19.0
+196.0 +19.0
+195.0 +19.0
+194.0 +19.0
+192.0 +17.0
+190.0 +16.0
+189.0 +16.0
+188.0 +14.0
+187.0 +14.0
+186.0 +15.0
+184.0 +13.0
+183.0 +13.0
+182.0 +13.0
+180.0 +14.0
+179.0 +14.0
+178.0 +14.0
+177.0 +13.0
+174.0 +12.0
+173.0 +12.0
+172.0 +13.0
+170.0 +14.0
+169.0 +15.0
+167.0 +15.0
+166.0 +15.0
+164.0 +16.0
+164.0 +17.0
+163.0 +17.0
+162.0 +17.0
+161.0 +17.0
+158.0 +18.0
+158.0 +19.0
+157.0 +19.0
+156.0 +19.0
+155.0 +19.0
+153.0 +19.0
+152.0 +17.0
+150.0 +16.0
+149.0 +16.0
+148.0 +16.0
+147.0 +16.0
+146.0 +14.0
+145.0 +12.0
+144.0 +12.0
+142.0 +12.0
+141.0 +11.0
+140.0  +9.0
+139.0  +9.0
+138.0  +9.0
+138.0  +8.0
+138.0  +5.0
+137.0  +4.0
+137.0  +3.0
+138.0  +1.0
+139.0  +0.0
+140.0  -2.0
+141.0  -4.0
+140.0  -5.0
+140.0  -6.0
+141.0  -7.0
+142.0  -9.0
+143.0 -11.0
+142.0 -12.0
+142.0 -13.0
+143.0 -15.0
+144.0 -15.0
+146.0 -15.0
+146.0 -16.0
+147.0 -17.0
+150.0 -17.0
+150.0 -18.0
+151.0 -18.0
+152.0 -18.0
+153.0 -18.0
+155.0 -19.0
+156.0 -19.0
+158.0 -19.0
+159.0 -20.0
+160.0 -22.0
+161.0 -23.0
+162.0 -24.0
+163.0 -25.0
+164.0 -28.0
+165.0 -28.0
+166.0 -29.0
+166.0 -30.0
+168.0 -31.0
+169.0 -31.0
+170.0 -29.0
+171.0 -29.0
+173.0 -28.0
+174.0 -28.0
+175.0 -28.0
+176.0 -26.0
+177.0 -24.0
+177.0 -23.0
+176.0 -21.0
+177.0 -20.0
+177.0 -19.0
+177.0 -17.0
+178.0 -16.0
+179.0 -14.0
+180.0 -15.0
+181.0 -15.0
+182.0 -15.0
+185.0 -16.0
+184.0 -18.0
+184.0 -19.0
+185.0 -19.0
+187.0 -20.0
+187.0 -21.0
+188.0 -21.0
+190.0 -22.0
+191.0 -23.0
+191.0 -24.0
+194.0 -25.0
+194.0 -26.0
+195.0 -28.0
+194.0 -29.0
+194.0 -30.0
+194.0 -33.0
+193.0 -34.0
+192.0 -35.0
+190.0 -37.0
+190.0 -38.0
+190.0 -40.0
+189.0 -41.0
+190.0 -43.0
+191.0 -44.0
